   0.0000000e+00   0.0000000e+00   0.0000000e+00
   1.0000000e-01   5.8778525e-01   0.0000000e+00
   2.0000000e-01   9.5105652e-01   5.8778525e-01
   3.0000000e-01   9.5105652e-01   6.5716389e-01
   4.0000000e-01   5.8778525e-01   4.7552826e-01
   5.0000000e-01   1.2246468e-16   1.8573015e-01
   6.0000000e-01  -5.8778525e-01  -2.1174714e-01
   7.0000000e-01  -9.5105652e-01  -5.2834422e-01
   8.0000000e-01  -9.5105652e-01  -6.3394762e-01
   9.0000000e-01  -5.8778525e-01  -5.0199665e-01
   1.0000000e+00  -2.4492936e-16  -1.7830002e-01
   1.1000000e+00   5.8778525e-01   2.1464917e-01
   1.2000000e+00   9.5105652e-01   5.2503567e-01
   1.3000000e+00   9.5105652e-01   6.3487639e-01
   1.4000000e+00   5.8778525e-01   5.0235940e-01
   1.5000000e+00   3.6739404e-16   1.7788645e-01
   1.6000000e+00  -5.8778525e-01  -2.1453308e-01
   1.7000000e+00  -9.5105652e-01  -5.2499033e-01
   1.8000000e+00  -9.5105652e-01  -6.3492808e-01
   1.9000000e+00  -5.8778525e-01  -5.0234489e-01
   2.0000000e+00  -4.8985872e-16  -1.7788078e-01
   2.1000000e+00   5.8778525e-01   2.1452662e-01
   2.2000000e+00   9.5105652e-01   5.2499214e-01
   2.3000000e+00   9.5105652e-01   6.3492879e-01
   2.4000000e+00   5.8778525e-01   5.0234409e-01
   2.5000000e+00   6.1232340e-16   1.7788101e-01
   2.6000000e+00  -5.8778525e-01  -2.1452653e-01
   2.7000000e+00  -9.5105652e-01  -5.2499224e-01
   2.8000000e+00  -9.5105652e-01  -6.3492876e-01
   2.9000000e+00  -5.8778525e-01  -5.0234407e-01
   3.0000000e+00  -7.3478808e-16  -1.7788102e-01
   3.1000000e+00   5.8778525e-01   2.1452653e-01
   3.2000000e+00   9.5105652e-01   5.2499224e-01
   3.3000000e+00   9.5105652e-01   6.3492876e-01
   3.4000000e+00   5.8778525e-01   5.0234407e-01
   3.5000000e+00   8.5725276e-16   1.7788102e-01
   3.6000000e+00  -5.8778525e-01  -2.1452653e-01
   3.7000000e+00  -9.5105652e-01  -5.2499224e-01
   3.8000000e+00  -9.5105652e-01  -6.3492876e-01
   3.9000000e+00  -5.8778525e-01  -5.0234407e-01
   4.0000000e+00  -9.7971744e-16  -1.7788102e-01
   4.1000000e+00   5.8778525e-01   2.1452653e-01
   4.2000000e+00   9.5105652e-01   5.2499224e-01
   4.3000000e+00   9.5105652e-01   6.3492876e-01
   4.4000000e+00   5.8778525e-01   5.0234407e-01
   4.5000000e+00   1.1021821e-15   1.7788102e-01
   4.6000000e+00  -5.8778525e-01  -2.1452653e-01
   4.7000000e+00  -9.5105652e-01  -5.2499224e-01
   4.8000000e+00  -9.5105652e-01  -6.3492876e-01
   4.9000000e+00  -5.8778525e-01  -5.0234407e-01
   5.0000000e+00  -1.2246468e-15  -1.7788102e-01
   5.1000000e+00   5.8778525e-01   2.1452653e-01
   5.2000000e+00   9.5105652e-01   5.2499224e-01
   5.3000000e+00   9.5105652e-01   6.3492876e-01
   5.4000000e+00   5.8778525e-01   5.0234407e-01
   5.5000000e+00   4.8998252e-15   1.7788102e-01
   5.6000000e+00  -5.8778525e-01  -2.1452653e-01
   5.7000000e+00  -9.5105652e-01  -5.2499224e-01
   5.8000000e+00  -9.5105652e-01  -6.3492876e-01
   5.9000000e+00  -5.8778525e-01  -5.0234407e-01
   6.0000000e+00  -1.4695762e-15  -1.7788102e-01
   6.1000000e+00   5.8778525e-01   2.1452653e-01
   6.2000000e+00   9.5105652e-01   5.2499224e-01
   6.3000000e+00   9.5105652e-01   6.3492876e-01
   6.4000000e+00   5.8778525e-01   5.0234407e-01
   6.5000000e+00  -1.9606728e-15   1.7788102e-01
   6.6000000e+00  -5.8778525e-01  -2.1452653e-01
   6.7000000e+00  -9.5105652e-01  -5.2499224e-01
   6.8000000e+00  -9.5105652e-01  -6.3492876e-01
   6.9000000e+00  -5.8778525e-01  -5.0234407e-01
   7.0000000e+00  -1.7145055e-15  -1.7788102e-01
   7.1000000e+00   5.8778525e-01   2.1452653e-01
   7.2000000e+00   9.5105652e-01   5.2499224e-01
   7.3000000e+00   9.5105652e-01   6.3492876e-01
   7.4000000e+00   5.8778525e-01   5.0234407e-01
   7.5000000e+00   5.3896839e-15   1.7788102e-01
   7.6000000e+00  -5.8778525e-01  -2.1452653e-01
   7.7000000e+00  -9.5105652e-01  -5.2499224e-01
   7.8000000e+00  -9.5105652e-01  -6.3492876e-01
   7.9000000e+00  -5.8778525e-01  -5.0234407e-01
   8.0000000e+00  -1.9594349e-15  -1.7788102e-01
   8.1000000e+00   5.8778525e-01   2.1452653e-01
   8.2000000e+00   9.5105652e-01   5.2499224e-01
   8.3000000e+00   9.5105652e-01   6.3492876e-01
   8.4000000e+00   5.8778525e-01   5.0234407e-01
   8.5000000e+00  -1.4708141e-15   1.7788102e-01
   8.6000000e+00  -5.8778525e-01  -2.1452653e-01
   8.7000000e+00  -9.5105652e-01  -5.2499224e-01
   8.8000000e+00  -9.5105652e-01  -6.3492876e-01
   8.9000000e+00  -5.8778525e-01  -5.0234407e-01
   9.0000000e+00  -2.2043642e-15  -1.7788102e-01
   9.1000000e+00   5.8778525e-01   2.1452653e-01
   9.2000000e+00   9.5105652e-01   5.2499224e-01
   9.3000000e+00   9.5105652e-01   6.3492876e-01
   9.4000000e+00   5.8778525e-01   5.0234407e-01
   9.5000000e+00   5.8795426e-15   1.7788102e-01
   9.6000000e+00  -5.8778525e-01  -2.1452653e-01
   9.7000000e+00  -9.5105652e-01  -5.2499224e-01
   9.8000000e+00  -9.5105652e-01  -6.3492876e-01
   9.9000000e+00  -5.8778525e-01  -5.0234407e-01
   1.0000000e+01  -2.4492936e-15  -1.7788102e-01
   1.0100000e+01   5.8778525e-01   2.1452653e-01
   1.0200000e+01   9.5105652e-01   5.2499224e-01
   1.0300000e+01   9.5105652e-01   6.3492876e-01
   1.0400000e+01   5.8778525e-01   5.0234407e-01
   1.0500000e+01  -9.8095540e-16   1.7788102e-01
   1.0600000e+01  -5.8778525e-01  -2.1452653e-01
   1.0700000e+01  -9.5105652e-01  -5.2499224e-01
   1.0800000e+01  -9.5105652e-01  -6.3492876e-01
   1.0900000e+01  -5.8778525e-01  -5.0234407e-01
   1.1000000e+01  -9.7996503e-15  -1.7788102e-01
   1.1100000e+01   5.8778525e-01   2.1452653e-01
   1.1200000e+01   9.5105652e-01   5.2499224e-01
   1.1300000e+01   9.5105652e-01   6.3492876e-01
   1.1400000e+01   5.8778525e-01   5.0234407e-01
   1.1500000e+01   6.3694013e-15   1.7788102e-01
   1.1600000e+01  -5.8778525e-01  -2.1452653e-01
   1.1700000e+01  -9.5105652e-01  -5.2499224e-01
   1.1800000e+01  -9.5105652e-01  -6.3492876e-01
   1.1900000e+01  -5.8778525e-01  -5.0234407e-01
   1.2000000e+01  -2.9391523e-15  -1.7788102e-01
   1.2100000e+01   5.8778525e-01   2.1452653e-01
   1.2200000e+01   9.5105652e-01   5.2499224e-01
   1.2300000e+01   9.5105652e-01   6.3492876e-01
   1.2400000e+01   5.8778525e-01   5.0234407e-01
   1.2500000e+01  -4.9109668e-16   1.7788102e-01
   1.2600000e+01  -5.8778525e-01  -2.1452653e-01
   1.2700000e+01  -9.5105652e-01  -5.2499224e-01
   1.2800000e+01  -9.5105652e-01  -6.3492876e-01
   1.2900000e+01  -5.8778525e-01  -5.0234407e-01
   1.3000000e+01   3.9213457e-15  -1.7788102e-01
   1.3100000e+01   5.8778525e-01   2.1452653e-01
   1.3200000e+01   9.5105652e-01   5.2499224e-01
   1.3300000e+01   9.5105652e-01   6.3492876e-01
   1.3400000e+01   5.8778525e-01   5.0234407e-01
   1.3500000e+01   6.8592600e-15   1.7788102e-01
   1.3600000e+01  -5.8778525e-01  -2.1452653e-01
   1.3700000e+01  -9.5105652e-01  -5.2499224e-01
   1.3800000e+01  -9.5105652e-01  -6.3492876e-01
   1.3900000e+01  -5.8778525e-01  -5.0234407e-01
   1.4000000e+01  -3.4290110e-15  -1.7788102e-01
   1.4100000e+01   5.8778525e-01   2.1452653e-01
   1.4200000e+01   9.5105652e-01   5.2499224e-01
   1.4300000e+01   9.5105652e-01   6.3492876e-01
   1.4400000e+01   5.8778525e-01   5.0234407e-01
   1.4500000e+01  -1.2379613e-18   1.7788102e-01
   1.4600000e+01  -5.8778525e-01  -2.1452653e-01
   1.4700000e+01  -9.5105652e-01  -5.2499224e-01
   1.4800000e+01  -9.5105652e-01  -6.3492876e-01
   1.4900000e+01  -5.8778525e-01  -5.0234407e-01
   1.5000000e+01  -1.0779368e-14  -1.7788102e-01
   1.5100000e+01   5.8778525e-01   2.1452653e-01
   1.5200000e+01   9.5105652e-01   5.2499224e-01
   1.5300000e+01   9.5105652e-01   6.3492876e-01
   1.5400000e+01   5.8778525e-01   5.0234407e-01
   1.5500000e+01   7.3491188e-15   1.7788102e-01
   1.5600000e+01  -5.8778525e-01  -2.1452653e-01
   1.5700000e+01  -9.5105652e-01  -5.2499224e-01
   1.5800000e+01  -9.5105652e-01  -6.3492876e-01
   1.5900000e+01  -5.8778525e-01  -5.0234407e-01
   1.6000000e+01  -3.9188698e-15  -1.7788102e-01
   1.6100000e+01   5.8778525e-01   2.1452653e-01
   1.6200000e+01   9.5105652e-01   5.2499224e-01
   1.6300000e+01   9.5105652e-01   6.3492876e-01
   1.6400000e+01   5.8778525e-01   5.0234407e-01
   1.6500000e+01   4.8862076e-16   1.7788102e-01
   1.6600000e+01  -5.8778525e-01  -2.1452653e-01
   1.6700000e+01  -9.5105652e-01  -5.2499224e-01
   1.6800000e+01  -9.5105652e-01  -6.3492876e-01
   1.6900000e+01  -5.8778525e-01  -5.0234407e-01
   1.7000000e+01   2.9416282e-15  -1.7788102e-01
   1.7100000e+01   5.8778525e-01   2.1452653e-01
   1.7200000e+01   9.5105652e-01   5.2499224e-01
   1.7300000e+01   9.5105652e-01   6.3492876e-01
   1.7400000e+01   5.8778525e-01   5.0234407e-01
   1.7500000e+01   7.8389775e-15   1.7788102e-01
   1.7600000e+01  -5.8778525e-01  -2.1452653e-01
   1.7700000e+01  -9.5105652e-01  -5.2499224e-01
   1.7800000e+01  -9.5105652e-01  -6.3492876e-01
   1.7900000e+01  -5.8778525e-01  -5.0234407e-01
   1.8000000e+01  -4.4087285e-15  -1.7788102e-01
   1.8100000e+01   5.8778525e-01   2.1452653e-01
   1.8200000e+01   9.5105652e-01   5.2499224e-01
   1.8300000e+01   9.5105652e-01   6.3492876e-01
   1.8400000e+01   5.8778525e-01   5.0234407e-01
   1.8500000e+01   9.7847948e-16   1.7788102e-01
   1.8600000e+01  -5.8778525e-01  -2.1452653e-01
   1.8700000e+01  -9.5105652e-01  -5.2499224e-01
   1.8800000e+01  -9.5105652e-01  -6.3492876e-01
   1.8900000e+01  -5.8778525e-01  -5.0234407e-01
   1.9000000e+01  -1.1759085e-14  -1.7788102e-01
   1.9100000e+01   5.8778525e-01   2.1452653e-01
   1.9200000e+01   9.5105652e-01   5.2499224e-01
   1.9300000e+01   9.5105652e-01   6.3492876e-01
   1.9400000e+01   5.8778525e-01   5.0234407e-01
   1.9500000e+01   8.3288362e-15   1.7788102e-01
   1.9600000e+01  -5.8778525e-01  -2.1452653e-01
   1.9700000e+01  -9.5105652e-01  -5.2499224e-01
   1.9800000e+01  -9.5105652e-01  -6.3492876e-01
   1.9900000e+01  -5.8778525e-01  -5.0234407e-01
   2.0000000e+01  -4.8985872e-15  -1.7788102e-01
   2.0100000e+01   5.8778525e-01   2.1452653e-01
   2.0200000e+01   9.5105652e-01   5.2499224e-01
   2.0300000e+01   9.5105652e-01   6.3492876e-01
   2.0400000e+01   5.8778525e-01   5.0234407e-01
   2.0500000e+01   1.5679193e-14   1.7788102e-01
   2.0600000e+01  -5.8778525e-01  -2.1452653e-01
   2.0700000e+01  -9.5105652e-01  -5.2499224e-01
   2.0800000e+01  -9.5105652e-01  -6.3492876e-01
   2.0900000e+01  -5.8778525e-01  -5.0234407e-01
   2.1000000e+01   1.9619108e-15  -1.7788102e-01
   2.1100000e+01   5.8778525e-01   2.1452653e-01
   2.1200000e+01   9.5105652e-01   5.2499224e-01
   2.1300000e+01   9.5105652e-01   6.3492876e-01
   2.1400000e+01   5.8778525e-01   5.0234407e-01
   2.1500000e+01   8.8186949e-15   1.7788102e-01
   2.1600000e+01  -5.8778525e-01  -2.1452653e-01
   2.1700000e+01  -9.5105652e-01  -5.2499224e-01
   2.1800000e+01  -9.5105652e-01  -6.3492876e-01
   2.1900000e+01  -5.8778525e-01  -5.0234407e-01
   2.2000000e+01  -1.9599301e-14  -1.7788102e-01
   2.2100000e+01   5.8778525e-01   2.1452653e-01
   2.2200000e+01   9.5105652e-01   5.2499224e-01
   2.2300000e+01   9.5105652e-01   6.3492876e-01
   2.2400000e+01   5.8778525e-01   5.0234407e-01
   2.2500000e+01   1.9581969e-15   1.7788102e-01
   2.2600000e+01  -5.8778525e-01  -2.1452653e-01
   2.2700000e+01  -9.5105652e-01  -5.2499224e-01
   2.2800000e+01  -9.5105652e-01  -6.3492876e-01
   2.2900000e+01  -5.8778525e-01  -5.0234407e-01
   2.3000000e+01  -1.2738803e-14  -1.7788102e-01
   2.3100000e+01   5.8778525e-01   2.1452653e-01
   2.3200000e+01   9.5105652e-01   5.2499224e-01
   2.3300000e+01   9.5105652e-01   6.3492876e-01
   2.3400000e+01   5.8778525e-01   5.0234407e-01
   2.3500000e+01  -4.9023011e-15   1.7788102e-01
   2.3600000e+01  -5.8778525e-01  -2.1452653e-01
   2.3700000e+01  -9.5105652e-01  -5.2499224e-01
   2.3800000e+01  -9.5105652e-01  -6.3492876e-01
   2.3900000e+01  -5.8778525e-01  -5.0234407e-01
   2.4000000e+01  -5.8783046e-15  -1.7788102e-01
   2.4100000e+01   5.8778525e-01   2.1452653e-01
   2.4200000e+01   9.5105652e-01   5.2499224e-01
   2.4300000e+01   9.5105652e-01   6.3492876e-01
   2.4400000e+01   5.8778525e-01   5.0234407e-01
   2.4500000e+01   1.6658910e-14   1.7788102e-01
   2.4600000e+01  -5.8778525e-01  -2.1452653e-01
   2.4700000e+01  -9.5105652e-01  -5.2499224e-01
   2.4800000e+01  -9.5105652e-01  -6.3492876e-01
   2.4900000e+01  -5.8778525e-01  -5.0234407e-01
   2.5000000e+01   9.8219336e-16  -1.7788102e-01
   2.5100000e+01   5.8778525e-01   2.1452653e-01
   2.5200000e+01   9.5105652e-01   5.2499224e-01
   2.5300000e+01   9.5105652e-01   6.3492876e-01
   2.5400000e+01   5.8778525e-01   5.0234407e-01
   2.5500000e+01   9.7984124e-15   1.7788102e-01
   2.5600000e+01  -5.8778525e-01  -2.1452653e-01
   2.5700000e+01  -9.5105652e-01  -5.2499224e-01
   2.5800000e+01  -9.5105652e-01  -6.3492876e-01
   2.5900000e+01  -5.8778525e-01  -5.0234407e-01
   2.6000000e+01   7.8426914e-15  -1.7788102e-01
   2.6100000e+01   5.8778525e-01   2.1452653e-01
   2.6200000e+01   9.5105652e-01   5.2499224e-01
   2.6300000e+01   9.5105652e-01   6.3492876e-01
   2.6400000e+01   5.8778525e-01   5.0234407e-01
   2.6500000e+01   2.9379144e-15   1.7788102e-01
   2.6600000e+01  -5.8778525e-01  -2.1452653e-01
   2.6700000e+01  -9.5105652e-01  -5.2499224e-01
   2.6800000e+01  -9.5105652e-01  -6.3492876e-01
   2.6900000e+01  -5.8778525e-01  -5.0234407e-01
   2.7000000e+01  -1.3718520e-14  -1.7788102e-01
   2.7100000e+01   5.8778525e-01   2.1452653e-01
   2.7200000e+01   9.5105652e-01   5.2499224e-01
   2.7300000e+01   9.5105652e-01   6.3492876e-01
   2.7400000e+01   5.8778525e-01   5.0234407e-01
   2.7500000e+01  -3.9225836e-15   1.7788102e-01
   2.7600000e+01  -5.8778525e-01  -2.1452653e-01
   2.7700000e+01  -9.5105652e-01  -5.2499224e-01
   2.7800000e+01  -9.5105652e-01  -6.3492876e-01
   2.7900000e+01  -5.8778525e-01  -5.0234407e-01
   2.8000000e+01  -6.8580221e-15  -1.7788102e-01
   2.8100000e+01   5.8778525e-01   2.1452653e-01
   2.8200000e+01   9.5105652e-01   5.2499224e-01
   2.8300000e+01   9.5105652e-01   6.3492876e-01
   2.8400000e+01   5.8778525e-01   5.0234407e-01
   2.8500000e+01   1.7638628e-14   1.7788102e-01
   2.8600000e+01  -5.8778525e-01  -2.1452653e-01
   2.8700000e+01  -9.5105652e-01  -5.2499224e-01
   2.8800000e+01  -9.5105652e-01  -6.3492876e-01
   2.8900000e+01  -5.8778525e-01  -5.0234407e-01
   2.9000000e+01   2.4759225e-18  -1.7788102e-01
   2.9100000e+01   5.8778525e-01   2.1452653e-01
   2.9200000e+01   9.5105652e-01   5.2499224e-01
   2.9300000e+01   9.5105652e-01   6.3492876e-01
   2.9400000e+01   5.8778525e-01   5.0234407e-01
   2.9500000e+01   1.0778130e-14   1.7788102e-01
   2.9600000e+01  -5.8778525e-01  -2.1452653e-01
   2.9700000e+01  -9.5105652e-01  -5.2499224e-01
   2.9800000e+01  -9.5105652e-01  -6.3492876e-01
   2.9900000e+01  -5.8778525e-01  -5.0234407e-01
   3.0000000e+01  -2.1558736e-14  -1.7788102e-01
   3.0100000e+01   5.8778525e-01   2.1452653e-01
   3.0200000e+01   9.5105652e-01   5.2499224e-01
   3.0300000e+01   9.5105652e-01   6.3492876e-01
   3.0400000e+01   5.8778525e-01   5.0234407e-01
   3.0500000e+01   3.9176318e-15   1.7788102e-01
   3.0600000e+01  -5.8778525e-01  -2.1452653e-01
   3.0700000e+01  -9.5105652e-01  -5.2499224e-01
   3.0800000e+01  -9.5105652e-01  -6.3492876e-01
   3.0900000e+01  -5.8778525e-01  -5.0234407e-01
   3.1000000e+01  -1.4698238e-14  -1.7788102e-01
   3.1100000e+01   5.8778525e-01   2.1452653e-01
   3.1200000e+01   9.5105652e-01   5.2499224e-01
   3.1300000e+01   9.5105652e-01   6.3492876e-01
   3.1400000e+01   5.8778525e-01   5.0234407e-01
   3.1500000e+01  -2.9428662e-15   1.7788102e-01
   3.1600000e+01  -5.8778525e-01  -2.1452653e-01
   3.1700000e+01  -9.5105652e-01  -5.2499224e-01
   3.1800000e+01  -9.5105652e-01  -6.3492876e-01
   3.1900000e+01  -5.8778525e-01  -5.0234407e-01
   3.2000000e+01  -7.8377395e-15  -1.7788102e-01
   3.2100000e+01   5.8778525e-01   2.1452653e-01
   3.2200000e+01   9.5105652e-01   5.2499224e-01
   3.2300000e+01   9.5105652e-01   6.3492876e-01
   3.2400000e+01   5.8778525e-01   5.0234407e-01
   3.2500000e+01   1.8618345e-14   1.7788102e-01
   3.2600000e+01  -5.8778525e-01  -2.1452653e-01
   3.2700000e+01  -9.5105652e-01  -5.2499224e-01
   3.2800000e+01  -9.5105652e-01  -6.3492876e-01
   3.2900000e+01  -5.8778525e-01  -5.0234407e-01
   3.3000000e+01  -9.7724152e-16  -1.7788102e-01
   3.3100000e+01   5.8778525e-01   2.1452653e-01
   3.3200000e+01   9.5105652e-01   5.2499224e-01
   3.3300000e+01   9.5105652e-01   6.3492876e-01
   3.3400000e+01   5.8778525e-01   5.0234407e-01
   3.3500000e+01   1.1757847e-14   1.7788102e-01
   3.3600000e+01  -5.8778525e-01  -2.1452653e-01
   3.3700000e+01  -9.5105652e-01  -5.2499224e-01
   3.3800000e+01  -9.5105652e-01  -6.3492876e-01
   3.3900000e+01  -5.8778525e-01  -5.0234407e-01
   3.4000000e+01   5.8832565e-15  -1.7788102e-01
   3.4100000e+01   5.8778525e-01   2.1452653e-01
   3.4200000e+01   9.5105652e-01   5.2499224e-01
   3.4300000e+01   9.5105652e-01   6.3492876e-01
   3.4400000e+01   5.8778525e-01   5.0234407e-01
   3.4500000e+01   4.8973492e-15   1.7788102e-01
   3.4600000e+01  -5.8778525e-01  -2.1452653e-01
   3.4700000e+01  -9.5105652e-01  -5.2499224e-01
   3.4800000e+01  -9.5105652e-01  -6.3492876e-01
   3.4900000e+01  -5.8778525e-01  -5.0234407e-01
   3.5000000e+01  -1.5677955e-14  -1.7788102e-01
   3.5100000e+01   5.8778525e-01   2.1452653e-01
   3.5200000e+01   9.5105652e-01   5.2499224e-01
   3.5300000e+01   9.5105652e-01   6.3492876e-01
   3.5400000e+01   5.8778525e-01   5.0234407e-01
   3.5500000e+01  -1.9631488e-15   1.7788102e-01
   3.5600000e+01  -5.8778525e-01  -2.1452653e-01
   3.5700000e+01  -9.5105652e-01  -5.2499224e-01
   3.5800000e+01  -9.5105652e-01  -6.3492876e-01
   3.5900000e+01  -5.8778525e-01  -5.0234407e-01
   3.6000000e+01  -8.8174570e-15  -1.7788102e-01
   3.6100000e+01   5.8778525e-01   2.1452653e-01
   3.6200000e+01   9.5105652e-01   5.2499224e-01
   3.6300000e+01   9.5105652e-01   6.3492876e-01
   3.6400000e+01   5.8778525e-01   5.0234407e-01
   3.6500000e+01   1.9598063e-14   1.7788102e-01
   3.6600000e+01  -5.8778525e-01  -2.1452653e-01
   3.6700000e+01  -9.5105652e-01  -5.2499224e-01
   3.6800000e+01  -9.5105652e-01  -6.3492876e-01
   3.6900000e+01  -5.8778525e-01  -5.0234407e-01
   3.7000000e+01  -1.9569590e-15  -1.7788102e-01
   3.7100000e+01   5.8778525e-01   2.1452653e-01
   3.7200000e+01   9.5105652e-01   5.2499224e-01
   3.7300000e+01   9.5105652e-01   6.3492876e-01
   3.7400000e+01   5.8778525e-01   5.0234407e-01
   3.7500000e+01   1.2737565e-14   1.7788102e-01
   3.7600000e+01  -5.8778525e-01  -2.1452653e-01
   3.7700000e+01  -9.5105652e-01  -5.2499224e-01
   3.7800000e+01  -9.5105652e-01  -6.3492876e-01
   3.7900000e+01  -5.8778525e-01  -5.0234407e-01
   3.8000000e+01  -2.3518170e-14  -1.7788102e-01
   3.8100000e+01   5.8778525e-01   2.1452653e-01
   3.8200000e+01   9.5105652e-01   5.2499224e-01
   3.8300000e+01   9.5105652e-01   6.3492876e-01
   3.8400000e+01   5.8778525e-01   5.0234407e-01
   3.8500000e+01   5.8770667e-15   1.7788102e-01
   3.8600000e+01  -5.8778525e-01  -2.1452653e-01
   3.8700000e+01  -9.5105652e-01  -5.2499224e-01
   3.8800000e+01  -9.5105652e-01  -6.3492876e-01
   3.8900000e+01  -5.8778525e-01  -5.0234407e-01
   3.9000000e+01  -1.6657672e-14  -1.7788102e-01
   3.9100000e+01   5.8778525e-01   2.1452653e-01
   3.9200000e+01   9.5105652e-01   5.2499224e-01
   3.9300000e+01   9.5105652e-01   6.3492876e-01
   3.9400000e+01   5.8778525e-01   5.0234407e-01
   3.9500000e+01  -9.8343132e-16   1.7788102e-01
   3.9600000e+01  -5.8778525e-01  -2.1452653e-01
   3.9700000e+01  -9.5105652e-01  -5.2499224e-01
   3.9800000e+01  -9.5105652e-01  -6.3492876e-01
   3.9900000e+01  -5.8778525e-01  -5.0234407e-01
   4.0000000e+01  -9.7971744e-15  -1.7788102e-01
   4.0100000e+01   5.8778525e-01   2.1452653e-01
   4.0200000e+01   9.5105652e-01   5.2499224e-01
   4.0300000e+01   9.5105652e-01   6.3492876e-01
   4.0400000e+01   5.8778525e-01   5.0234407e-01
   4.0500000e+01   2.0577780e-14   1.7788102e-01
   4.0600000e+01  -5.8778525e-01  -2.1452653e-01
   4.0700000e+01  -9.5105652e-01  -5.2499224e-01
   4.0800000e+01  -9.5105652e-01  -6.3492876e-01
   4.0900000e+01  -5.8778525e-01  -5.0234407e-01
   4.1000000e+01  -3.1358386e-14  -1.7788102e-01
   4.1100000e+01   5.8778525e-01   2.1452653e-01
   4.1200000e+01   9.5105652e-01   5.2499224e-01
   4.1300000e+01   9.5105652e-01   6.3492876e-01
   4.1400000e+01   5.8778525e-01   5.0234407e-01
   4.1500000e+01  -1.4704427e-14   1.7788102e-01
   4.1600000e+01  -5.8778525e-01  -2.1452653e-01
   4.1700000e+01  -9.5105652e-01  -5.2499224e-01
   4.1800000e+01  -9.5105652e-01  -6.3492876e-01
   4.1900000e+01  -5.8778525e-01  -5.0234407e-01
   4.2000000e+01   3.9238216e-15  -1.7788102e-01
   4.2100000e+01   5.8778525e-01   2.1452653e-01
   4.2200000e+01   9.5105652e-01   5.2499224e-01
   4.2300000e+01   9.5105652e-01   6.3492876e-01
   4.2400000e+01   5.8778525e-01   5.0234407e-01
   4.2500000e+01   6.8567841e-15   1.7788102e-01
   4.2600000e+01  -5.8778525e-01  -2.1452653e-01
   4.2700000e+01  -9.5105652e-01  -5.2499224e-01
   4.2800000e+01  -9.5105652e-01  -6.3492876e-01
   4.2900000e+01  -5.8778525e-01  -5.0234407e-01
   4.3000000e+01  -1.7637390e-14  -1.7788102e-01
   4.3100000e+01   5.8778525e-01   2.1452653e-01
   4.3200000e+01   9.5105652e-01   5.2499224e-01
   4.3300000e+01   9.5105652e-01   6.3492876e-01
   4.3400000e+01   5.8778525e-01   5.0234407e-01
   4.3500000e+01   2.8417996e-14   1.7788102e-01
   4.3600000e+01  -5.8778525e-01  -2.1452653e-01
   4.3700000e+01  -9.5105652e-01  -5.2499224e-01
   4.3800000e+01  -9.5105652e-01  -6.3492876e-01
   4.3900000e+01  -5.8778525e-01  -5.0234407e-01
   4.4000000e+01  -3.9198601e-14  -1.7788102e-01
   4.4100000e+01   5.8778525e-01   2.1452653e-01
   4.4200000e+01   9.5105652e-01   5.2499224e-01
   4.4300000e+01   9.5105652e-01   6.3492876e-01
   4.4400000e+01   5.8778525e-01   5.0234407e-01
   4.4500000e+01  -6.8642119e-15   1.7788102e-01
   4.4600000e+01  -5.8778525e-01  -2.1452653e-01
   4.4700000e+01  -9.5105652e-01  -5.2499224e-01
   4.4800000e+01  -9.5105652e-01  -6.3492876e-01
   4.4900000e+01  -5.8778525e-01  -5.0234407e-01
   4.5000000e+01  -3.9163938e-15  -1.7788102e-01
   4.5100000e+01   5.8778525e-01   2.1452653e-01
   4.5200000e+01   9.5105652e-01   5.2499224e-01
   4.5300000e+01   9.5105652e-01   6.3492876e-01
   4.5400000e+01   5.8778525e-01   5.0234407e-01
   4.5500000e+01   1.4697000e-14   1.7788102e-01
   4.5600000e+01  -5.8778525e-01  -2.1452653e-01
   4.5700000e+01  -9.5105652e-01  -5.2499224e-01
   4.5800000e+01  -9.5105652e-01  -6.3492876e-01
   4.5900000e+01  -5.8778525e-01  -5.0234407e-01
   4.6000000e+01  -2.5477605e-14  -1.7788102e-01
   4.6100000e+01   5.8778525e-01   2.1452653e-01
   4.6200000e+01   9.5105652e-01   5.2499224e-01
   4.6300000e+01   9.5105652e-01   6.3492876e-01
   4.6400000e+01   5.8778525e-01   5.0234407e-01
   4.6500000e+01   3.6258211e-14   1.7788102e-01
   4.6600000e+01  -5.8778525e-01  -2.1452653e-01
   4.6700000e+01  -9.5105652e-01  -5.2499224e-01
   4.6800000e+01  -9.5105652e-01  -6.3492876e-01
   4.6900000e+01  -5.8778525e-01  -5.0234407e-01
   4.7000000e+01   9.8046022e-15  -1.7788102e-01
   4.7100000e+01   5.8778525e-01   2.1452653e-01
   4.7200000e+01   9.5105652e-01   5.2499224e-01
   4.7300000e+01   9.5105652e-01   6.3492876e-01
   4.7400000e+01   5.8778525e-01   5.0234407e-01
   4.7500000e+01   9.7600356e-16   1.7788102e-01
   4.7600000e+01  -5.8778525e-01  -2.1452653e-01
   4.7700000e+01  -9.5105652e-01  -5.2499224e-01
   4.7800000e+01  -9.5105652e-01  -6.3492876e-01
   4.7900000e+01  -5.8778525e-01  -5.0234407e-01
   4.8000000e+01  -1.1756609e-14  -1.7788102e-01
   4.8100000e+01   5.8778525e-01   2.1452653e-01
   4.8200000e+01   9.5105652e-01   5.2499224e-01
   4.8300000e+01   9.5105652e-01   6.3492876e-01
   4.8400000e+01   5.8778525e-01   5.0234407e-01
   4.8500000e+01   2.2537215e-14   1.7788102e-01
   4.8600000e+01  -5.8778525e-01  -2.1452653e-01
   4.8700000e+01  -9.5105652e-01  -5.2499224e-01
   4.8800000e+01  -9.5105652e-01  -6.3492876e-01
   4.8900000e+01  -5.8778525e-01  -5.0234407e-01
   4.9000000e+01  -3.3317821e-14  -1.7788102e-01
   4.9100000e+01   5.8778525e-01   2.1452653e-01
   4.9200000e+01   9.5105652e-01   5.2499224e-01
   4.9300000e+01   9.5105652e-01   6.3492876e-01
   4.9400000e+01   5.8778525e-01   5.0234407e-01
   4.9500000e+01  -1.2744992e-14   1.7788102e-01
   4.9600000e+01  -5.8778525e-01  -2.1452653e-01
   4.9700000e+01  -9.5105652e-01  -5.2499224e-01
   4.9800000e+01  -9.5105652e-01  -6.3492876e-01
   4.9900000e+01  -5.8778525e-01  -5.0234407e-01
   5.0000000e+01   1.9643867e-15  -1.7788102e-01
   5.0100000e+01   5.8778525e-01   2.1452653e-01
   5.0200000e+01   9.5105652e-01   5.2499224e-01
   5.0300000e+01   9.5105652e-01   6.3492876e-01
   5.0400000e+01   5.8778525e-01   5.0234407e-01
   5.0500000e+01   8.8162190e-15   1.7788102e-01
   5.0600000e+01  -5.8778525e-01  -2.1452653e-01
   5.0700000e+01  -9.5105652e-01  -5.2499224e-01
   5.0800000e+01  -9.5105652e-01  -6.3492876e-01
   5.0900000e+01  -5.8778525e-01  -5.0234407e-01
   5.1000000e+01  -1.9596825e-14  -1.7788102e-01
   5.1100000e+01   5.8778525e-01   2.1452653e-01
   5.1200000e+01   9.5105652e-01   5.2499224e-01
   5.1300000e+01   9.5105652e-01   6.3492876e-01
   5.1400000e+01   5.8778525e-01   5.0234407e-01
   5.1500000e+01   3.0377430e-14   1.7788102e-01
   5.1600000e+01  -5.8778525e-01  -2.1452653e-01
   5.1700000e+01  -9.5105652e-01  -5.2499224e-01
   5.1800000e+01  -9.5105652e-01  -6.3492876e-01
   5.1900000e+01  -5.8778525e-01  -5.0234407e-01
   5.2000000e+01   1.5685383e-14  -1.7788102e-01
   5.2100000e+01   5.8778525e-01   2.1452653e-01
   5.2200000e+01   9.5105652e-01   5.2499224e-01
   5.2300000e+01   9.5105652e-01   6.3492876e-01
   5.2400000e+01   5.8778525e-01   5.0234407e-01
   5.2500000e+01  -4.9047770e-15   1.7788102e-01
   5.2600000e+01  -5.8778525e-01  -2.1452653e-01
   5.2700000e+01  -9.5105652e-01  -5.2499224e-01
   5.2800000e+01  -9.5105652e-01  -6.3492876e-01
   5.2900000e+01  -5.8778525e-01  -5.0234407e-01
   5.3000000e+01  -5.8758287e-15  -1.7788102e-01
   5.3100000e+01   5.8778525e-01   2.1452653e-01
   5.3200000e+01   9.5105652e-01   5.2499224e-01
   5.3300000e+01   9.5105652e-01   6.3492876e-01
   5.3400000e+01   5.8778525e-01   5.0234407e-01
   5.3500000e+01   1.6656434e-14   1.7788102e-01
   5.3600000e+01  -5.8778525e-01  -2.1452653e-01
   5.3700000e+01  -9.5105652e-01  -5.2499224e-01
   5.3800000e+01  -9.5105652e-01  -6.3492876e-01
   5.3900000e+01  -5.8778525e-01  -5.0234407e-01
   5.4000000e+01  -2.7437040e-14  -1.7788102e-01
   5.4100000e+01   5.8778525e-01   2.1452653e-01
   5.4200000e+01   9.5105652e-01   5.2499224e-01
   5.4300000e+01   9.5105652e-01   6.3492876e-01
   5.4400000e+01   5.8778525e-01   5.0234407e-01
   5.4500000e+01   3.8217646e-14   1.7788102e-01
   5.4600000e+01  -5.8778525e-01  -2.1452653e-01
   5.4700000e+01  -9.5105652e-01  -5.2499224e-01
   5.4800000e+01  -9.5105652e-01  -6.3492876e-01
   5.4900000e+01  -5.8778525e-01  -5.0234407e-01
   5.5000000e+01   7.8451673e-15  -1.7788102e-01
   5.5100000e+01   5.8778525e-01   2.1452653e-01
   5.5200000e+01   9.5105652e-01   5.2499224e-01
   5.5300000e+01   9.5105652e-01   6.3492876e-01
   5.5400000e+01   5.8778525e-01   5.0234407e-01
   5.5500000e+01   2.9354384e-15   1.7788102e-01
   5.5600000e+01  -5.8778525e-01  -2.1452653e-01
   5.5700000e+01  -9.5105652e-01  -5.2499224e-01
   5.5800000e+01  -9.5105652e-01  -6.3492876e-01
   5.5900000e+01  -5.8778525e-01  -5.0234407e-01
   5.6000000e+01  -1.3716044e-14  -1.7788102e-01
   5.6100000e+01   5.8778525e-01   2.1452653e-01
   5.6200000e+01   9.5105652e-01   5.2499224e-01
   5.6300000e+01   9.5105652e-01   6.3492876e-01
   5.6400000e+01   5.8778525e-01   5.0234407e-01
   5.6500000e+01   2.4496650e-14   1.7788102e-01
   5.6600000e+01  -5.8778525e-01  -2.1452653e-01
   5.6700000e+01  -9.5105652e-01  -5.2499224e-01
   5.6800000e+01  -9.5105652e-01  -6.3492876e-01
   5.6900000e+01  -5.8778525e-01  -5.0234407e-01
   5.7000000e+01  -3.5277256e-14  -1.7788102e-01
   5.7100000e+01   5.8778525e-01   2.1452653e-01
   5.7200000e+01   9.5105652e-01   5.2499224e-01
   5.7300000e+01   9.5105652e-01   6.3492876e-01
   5.7400000e+01   5.8778525e-01   5.0234407e-01
   5.7500000e+01  -1.0785558e-14   1.7788102e-01
   5.7600000e+01  -5.8778525e-01  -2.1452653e-01
   5.7700000e+01  -9.5105652e-01  -5.2499224e-01
   5.7800000e+01  -9.5105652e-01  -6.3492876e-01
   5.7900000e+01  -5.8778525e-01  -5.0234407e-01
   5.8000000e+01   4.9518451e-18  -1.7788102e-01
   5.8100000e+01   5.8778525e-01   2.1452653e-01
   5.8200000e+01   9.5105652e-01   5.2499224e-01
   5.8300000e+01   9.5105652e-01   6.3492876e-01
   5.8400000e+01   5.8778525e-01   5.0234407e-01
   5.8500000e+01   1.0775654e-14   1.7788102e-01
   5.8600000e+01  -5.8778525e-01  -2.1452653e-01
   5.8700000e+01  -9.5105652e-01  -5.2499224e-01
   5.8800000e+01  -9.5105652e-01  -6.3492876e-01
   5.8900000e+01  -5.8778525e-01  -5.0234407e-01
   5.9000000e+01  -2.1556260e-14  -1.7788102e-01
   5.9100000e+01   5.8778525e-01   2.1452653e-01
   5.9200000e+01   9.5105652e-01   5.2499224e-01
   5.9300000e+01   9.5105652e-01   6.3492876e-01
   5.9400000e+01   5.8778525e-01   5.0234407e-01
   5.9500000e+01   3.2336865e-14   1.7788102e-01
   5.9600000e+01  -5.8778525e-01  -2.1452653e-01
   5.9700000e+01  -9.5105652e-01  -5.2499224e-01
   5.9800000e+01  -9.5105652e-01  -6.3492876e-01
   5.9900000e+01  -5.8778525e-01  -5.0234407e-01
   6.0000000e+01  -4.3117471e-14  -1.7788102e-01
